-6.021718978881836
6.152141094207764
-5.725117206573486
6.385264873504639
5.413463592529297
-6.251822471618652
6.1724677085876465
4.859258651733398
-10.054098129272461
10.69232177734375
-10.21487808227539
10.886613845825195
10.199356079101562
-6.134176254272461
-6.327972888946533
5.108697891235352
-5.923819065093994
-6.085044860839844
5.034525394439697
4.731119155883789
-4.616247177124023
-4.8837056159973145
4.487553596496582
7.093735694885254
6.83316707611084
6.826971054077148
7.258449077606201
-7.497986316680908
-0.8643515110015869
0.9931617975234985
-1.6351932287216187
0.45267146825790405
-7.0803961753845215
-8.286890983581543
8.350478172302246
8.458406448364258
-5.927976608276367
6.277729034423828
-6.402135848999023
6.494779586791992
-5.227973937988281
4.654783248901367
-4.712558269500732
-4.948822975158691
-4.676098346710205
-6.908156394958496
-6.0074639320373535
-6.863203048706055
4.424017429351807
-6.40897798538208
6.144559860229492
-6.362720489501953
-6.301023960113525
-5.724767684936523
5.749167442321777
2.9537410736083984
3.0167269706726074
-3.385984182357788
-2.9243433475494385
-3.357548713684082
2.9537410736083984
3.0167269706726074
-3.385984182357788
-2.9243433475494385
-3.357548713684082
-4.677308082580566
-4.796299457550049
-4.866253852844238
-4.912246227264404
4.583987236022949
-6.511603355407715
7.088028907775879
6.7335205078125
-8.281051635742188
6.925185680389404
10.064477920532227
-11.839122772216797
9.921915054321289
-11.062932968139648
9.024984359741211
3.939530372619629
-5.128582954406738
-4.433067321777344
-4.9667768478393555
-4.739770889282227
-8.365714073181152
7.3779802322387695
-7.747777938842773
-8.94138240814209
-8.229918479919434
8.496631622314453
-8.813358306884766
7.522388458251953
-8.456581115722656
7.523504734039307
5.616372108459473
-5.539684772491455
6.6423115730285645
-6.395705223083496
-6.109283447265625
5.472698211669922
5.944960594177246
-6.546429634094238
-6.744019508361816
4.987494945526123
-2.558302402496338
2.1890456676483154
2.609509229660034
2.285372495651245
6.64193058013916
5.886526584625244
4.601122856140137
-5.856489658355713
-9.115765571594238
6.322232246398926
-8.404004096984863
-7.961955547332764
4.044592380523682
4.71167516708374
-5.20361852645874
4.657286167144775
-7.870182037353516
-7.788671493530273
6.91511344909668
7.470826148986816
-7.21547269821167
6.08794641494751
7.036309242248535
4.667084693908691
5.414809226989746
5.113837242126465
6.23228645324707
5.181203842163086
7.669264316558838
7.8654866218566895
6.600460052490234
-7.772307872772217
4.749709606170654
-4.945574760437012
-5.575104713439941
5.778514862060547
-7.827414035797119
-7.695420265197754
7.829822540283203
-7.730965614318848
-7.161269187927246
5.221888542175293
-6.000797748565674
5.759397029876709
4.082451343536377
-4.607421875
4.542546272277832
-5.210638999938965
5.9521636962890625
5.715842247009277
-6.692628383636475
6.723642349243164
8.875993728637695
-10.376091003417969
-11.204094886779785
9.078887939453125
7.130336761474609
-7.3479509353637695
-7.584790229797363
6.530889511108398
6.353368282318115
7.259190559387207
-6.913906574249268
-7.903968811035156
-8.663349151611328
-9.628652572631836
-8.470685958862305
-8.223752975463867
-8.096637725830078
7.398051738739014
7.4459333419799805
-7.9295830726623535
-6.157710075378418
4.902770519256592
5.909778594970703
-5.316225051879883
-10.526741981506348
-9.447081565856934
-10.800007820129395
-7.835794448852539
9.215766906738281
9.929827690124512
10.217483520507812
9.315205574035645
-7.015013694763184
5.93998908996582
6.3070526123046875
-7.180571556091309
-8.107222557067871
-7.437872886657715
7.36660099029541
5.821493148803711
-7.601850986480713
4.49914026260376
5.754145622253418
-6.544591903686523
10.991981506347656
9.337848663330078
-10.344593048095703
-9.75346565246582
-5.880002021789551
6.732885360717773
-7.290083885192871
-7.260194778442383
-7.04801607131958
-6.473852157592773
-7.910118103027344
-7.640718936920166
-7.618408203125
-6.34529972076416
7.603377342224121
7.301298141479492
9.57467269897461
-7.339651107788086
9.469818115234375
9.435713768005371
-8.768692970275879
-7.716678619384766
8.648118019104004
-8.335354804992676
-5.777865886688232
4.962679862976074
6.571324825286865
-6.522069931030273
6.770383358001709
-8.531288146972656
-9.391141891479492
-8.592243194580078
3.426722526550293
4.636126518249512
4.670291423797607
-5.0257248878479
6.189664840698242
-6.396227836608887
-6.355924129486084
1.7871589660644531
9.50336742401123
10.173479080200195
10.22734260559082
-9.04381275177002
7.058743476867676
-6.158476829528809
4.043033123016357
-5.697548866271973
5.930060386657715
5.445955276489258
5.152711391448975
4.2142229080200195
8.645986557006836
-11.238509178161621
-10.522482872009277
10.756753921508789
7.9471917152404785
6.766846656799316
-7.988846778869629
8.1298189163208
4.75178337097168
-4.920561790466309
3.7789857387542725
-4.171661853790283
6.564263820648193
5.0073628425598145
-6.698341369628906
4.808611869812012
5.043422698974609
5.74843692779541
-5.069533824920654
5.667766571044922
9.384597778320312
-9.208693504333496
9.408262252807617
9.931854248046875
-8.660633087158203
7.10590934753418
-8.780258178710938
-7.024322509765625
-10.796510696411133
-10.292472839355469
9.180206298828125
10.654939651489258
5.590023517608643
-4.8418145179748535
-4.428365707397461
-4.671321392059326
5.301252365112305
5.8104634284973145
-6.3797221183776855
-7.560576915740967
6.612159729003906
5.548150062561035
-6.070569038391113
6.113819122314453
-4.8066630363464355
3.981204032897949
-4.620515823364258
